target_chainseq	templates_alignfile	targetid
HVSTYAAFVQTHRPTGEFMFEFDEDEMFYVDLDKKETVWHLEEFGQAFSFEAQGGLANIAILNNNLNTLIQRSNHTQ/VYQLRQECYAFNGTQRFLERYIYNREEFVRFDSDVGEFRAVTELGRPDEDYWNSQKDLLEEERAVPDRMCRHNYELDEAVTLQRR/EKKYFAATKFEPLAA	proteinmpnn_test_binder_nonbinder/out/alignment/204p_with_pep.tsv	204p
