6G9Q.BL00040001.pdb	35.15667	-1164.81641
6G9Q.BL00030001.pdb	41.47739	-1163.46973
6G9Q.BL00010001.pdb	49.40313	-1034.23572
6G9Q.BL00020001.pdb	59.90639	-1083.47412
