target_chainseq	templates_alignfile	targetid
ELHTLRYISTAMTDPGPGQPWYVDVGYVDGELFTHYNSTARRAVPRTEWIAANTDQQYWDSETQTSQRTEQIDRDGLGTLQRRYNQTGGSHTVQLMYGCDILEDGTIRGYSQDAYDGRDFIAFDKDTMTFTAAVPEAVPTKRKWEEGDYAEGLKQYLEETCVEWLRRYVEYGKAELGRRERPEVR/RRREQTDY	tmp3/alignment/6LHF_with_pep.tsv	6LHF
